[ 3.600e+01  2.900e+01  7.000e+00  8.060e-01  5.270e+00 -3.880e+00
  1.400e+01  2.000e+00  1.600e+01  1.000e+00  1.100e+01  3.000e+00
  2.654e+03  2.209e+03  1.440e+03  9.630e+02  1.977e+03  4.870e-01
  3.220e+02  8.730e+02  3.690e-01  4.060e+02  5.240e+02  7.750e-01
  2.700e+02  1.174e+03  5.320e+02  2.230e+02  9.600e+01  3.950e+02
  5.430e+02  7.900e+02  1.894e+03  4.170e-01  2.310e+02  7.130e+02
  3.240e-01  3.980e+02  5.880e+02  6.770e-01  3.000e+02  1.104e+03
  3.630e+02  1.940e+02  9.700e+01  4.820e+02  5.610e+02  6.540e+01
  1.128e+02  2.650e-01  4.420e-01  5.960e-01  5.150e+01  5.520e+01
  9.500e+00  8.100e+00  5.690e-01  1.510e+01  2.510e+01  2.050e-01
  6.540e+01  9.390e+01  3.100e-01  3.760e-01  5.080e-01  4.850e+01
  4.590e+01  8.200e+00  8.800e+00  4.780e-01  1.820e+01  2.490e+01
  2.100e-01]
